[0.000000]
[0] ([0x0])

33222222222211111111110000000000
10987654321098765432109876543210
--------------------------------
00000000000000000000000000000000
[1.000000]
[1065353216] ([0x3F800000])

33222222222211111111110000000000
10987654321098765432109876543210
--------------------------------
00111111100000000000000000000000
[2.000000]
[1073741824] ([0x40000000])

33222222222211111111110000000000
10987654321098765432109876543210
--------------------------------
01000000000000000000000000000000
[3.000000]
[1077936128] ([0x40400000])

33222222222211111111110000000000
10987654321098765432109876543210
--------------------------------
01000000010000000000000000000000
[4.000000]
[1082130432] ([0x40800000])

33222222222211111111110000000000
10987654321098765432109876543210
--------------------------------
01000000100000000000000000000000
[5.000000]
[1084227584] ([0x40A00000])

33222222222211111111110000000000
10987654321098765432109876543210
--------------------------------
01000000101000000000000000000000
[6.000000]
[1086324736] ([0x40C00000])

33222222222211111111110000000000
10987654321098765432109876543210
--------------------------------
01000000110000000000000000000000
[7.000000]
[1088421888] ([0x40E00000])

33222222222211111111110000000000
10987654321098765432109876543210
--------------------------------
01000000111000000000000000000000
[8.000000]
[1090519040] ([0x41000000])

33222222222211111111110000000000
10987654321098765432109876543210
--------------------------------
01000001000000000000000000000000
[9.000000]
[1091567616] ([0x41100000])

33222222222211111111110000000000
10987654321098765432109876543210
--------------------------------
01000001000100000000000000000000
[10.000000]
[1092616192] ([0x41200000])

33222222222211111111110000000000
10987654321098765432109876543210
--------------------------------
01000001001000000000000000000000
